15
0 12 8 20 15 9 11 7 10 14 6 13 5 18 16
12 0 10 17 14 6 8 5 9 13 4 11 3 15 12
8 10 0 15 12 7 9 6 8 11 5 10 4 14 13
20 17 15 0 8 14 16 13 12 6 11 5 10 9 7
15 14 12 8 0 9 11 8 7 10 6 9 5 12 10
9 6 7 14 9 0 5 4 8 12 3 10 2 13 11
11 8 9 16 11 5 0 6 10 14 4 12 3 15 13
7 5 6 13 8 4 6 0 5 9 3 8 2 11 10
10 9 8 12 7 8 10 5 0 8 4 7 3 10 9
14 13 11 6 10 12 14 9 8 0 7 4 6 5 3
6 4 5 11 6 3 4 3 4 7 0 6 1 8 7
13 11 10 5 9 10 12 8 7 4 6 0 5 6 4
5 3 4 10 5 2 3 2 3 6 1 5 0 9 8
18 15 14 9 12 13 15 11 10 5 8 6 9 0 4
16 12 13 7 10 11 13 10 9 3 7 4 8 4 0
5
2 5
3 7
8 12
1 10
4 14